0.04 0.04 0.04
0.08 0.08 0.08
0.12 0.12 0.12
0.16 0.16 0.16
0.2 0.2 0.2
0.24 0.24 0.24
0.28 0.28 0.28
0.32 0.32 0.32
0.36 0.36 0.36
0.4 0.4 0.4
0.44 0.44 0.44
0.479999 0.479999 0.48
0.519998 0.519998 0.52
0.559994 0.559994 0.56
0.599981 0.599981 0.6
0.639948 0.639948 0.64
0.679862 0.679862 0.68
0.719657 0.719657 0.72
0.759189 0.759189 0.76
0.798176 0.798176 0.8
0.836095 0.836095 0.84
0.872072 0.872072 0.88
0.90484 0.90484 0.92
0.932949 0.932949 0.96
0.955293 0.955293 1
0.971676 0.971676 1.04
0.982879 0.982879 1.08
0.990187 0.990187 1.12
0.994859 0.994859 1.16
0.997858 0.997858 1.2
0.999834 0.999834 1.24
1.00119 1.00119 1.28
1.00218 1.00218 1.32
1.00295 1.00295 1.36
1.00358 1.00358 1.4
1.00412 1.00412 1.44
1.00462 1.00462 1.48
1.00508 1.00508 1.52
1.00552 1.00552 1.56
1.00594 1.00594 1.6
1.00636 1.00636 1.64
1.00677 1.00677 1.68
1.00718 1.00718 1.72
1.00759 1.00759 1.76
1.00799 1.00799 1.8
1.00839 1.00839 1.84
1.00879 1.00879 1.88
1.0092 1.0092 1.92
1.0096 1.0096 1.96
1.01 1.01 2
1.0104 1.0104 2.04
1.0108 1.0108 2.08
1.0112 1.0112 2.12
1.0116 1.0116 2.16
1.012 1.012 2.2
1.0124 1.0124 2.24
1.0128 1.0128 2.28
1.0132 1.0132 2.32
1.0136 1.0136 2.36
1.014 1.014 2.4
1.0144 1.0144 2.44
1.0148 1.0148 2.48
1.0152 1.0152 2.52
1.0156 1.0156 2.56
1.016 1.016 2.6
1.0164 1.0164 2.64
1.0168 1.0168 2.68
1.0172 1.0172 2.72
1.0176 1.0176 2.76
1.018 1.018 2.8
1.0184 1.0184 2.84
1.0188 1.0188 2.88
1.0192 1.0192 2.92
1.0196 1.0196 2.96
1.02 1.02 3
1.0204 1.0204 3.04
1.0208 1.0208 3.08
1.0212 1.0212 3.12
1.0216 1.0216 3.16
1.022 1.022 3.2
1.0224 1.0224 3.24
1.0228 1.0228 3.28
1.0232 1.0232 3.32
1.0236 1.0236 3.36
1.024 1.024 3.4
1.0244 1.0244 3.44
1.0248 1.0248 3.48
1.0252 1.0252 3.52
1.0256 1.0256 3.56
1.026 1.026 3.6
1.0264 1.0264 3.64
1.0268 1.0268 3.68
1.0272 1.0272 3.72
1.0276 1.0276 3.76
1.028 1.028 3.8
1.0284 1.0284 3.84
1.0288 1.0288 3.88
1.0292 1.0292 3.92
1.0296 1.0296 3.96
1.0216 1.0216 4
0.9816 0.9816 3.96
0.9416 0.9416 3.92
0.9016 0.9016 3.88
0.8616 0.8616 3.84
0.8216 0.8216 3.8
0.7816 0.7816 3.76
0.7416 0.7416 3.72
0.7016 0.7016 3.68
0.6616 0.6616 3.64
0.6216 0.6216 3.6
0.5816 0.5816 3.56
0.5416 0.5416 3.52
0.5016 0.5016 3.48
0.4616 0.4616 3.44
0.4216 0.4216 3.4
0.3816 0.3816 3.36
0.3416 0.3416 3.32
0.3016 0.3016 3.28
0.2616 0.2616 3.24
0.2216 0.2216 3.2
0.1816 0.1816 3.16
0.1416 0.1416 3.12
0.101601 0.101601 3.08
0.0616011 0.0616011 3.04
0.0216021 0.0216021 3
-0.018396 -0.018396 2.96
-0.0583926 -0.0583926 2.92
-0.0983868 -0.0983868 2.88
-0.138377 -0.138377 2.84
-0.17836 -0.17836 2.8
-0.218333 -0.218333 2.76
-0.258289 -0.258289 2.72
-0.298218 -0.298218 2.68
-0.338106 -0.338106 2.64
-0.377934 -0.377934 2.6
-0.417669 -0.417669 2.56
-0.457269 -0.457269 2.52
-0.496673 -0.496673 2.48
-0.535794 -0.535794 2.44
-0.574517 -0.574517 2.4
-0.612685 -0.612685 2.36
-0.650097 -0.650097 2.32
-0.686497 -0.686497 2.28
-0.721577 -0.721577 2.24
-0.754985 -0.754985 2.2
-0.786344 -0.786344 2.16
-0.815282 -0.815282 2.12
-0.841483 -0.841483 2.08
-0.864722 -0.864722 2.04
-0.884908 -0.884908 2
-0.902089 -0.902089 1.96
-0.916445 -0.916445 1.92
-0.928251 -0.928251 1.88
-0.937836 -0.937836 1.84
-0.945547 -0.945547 1.8
-0.951714 -0.951714 1.76
-0.956635 -0.956635 1.72
-0.960563 -0.960563 1.68
-0.963709 -0.963709 1.64
-0.966245 -0.966245 1.6
-0.968307 -0.968307 1.56
-0.97 -0.97 1.52
-0.971409 -0.971409 1.48
-0.972597 -0.972597 1.44
-0.973614 -0.973614 1.4
-0.974499 -0.974499 1.36
-0.97528 -0.97528 1.32
-0.975982 -0.975982 1.28
-0.97662 -0.97662 1.24
-0.97721 -0.97721 1.2
-0.977761 -0.977761 1.16
-0.978282 -0.978282 1.12
-0.978778 -0.978778 1.08
-0.979256 -0.979256 1.04
-0.979719 -0.979719 1
-0.980169 -0.980169 0.96
-0.98061 -0.98061 0.92
-0.981044 -0.981044 0.88
-0.981471 -0.981471 0.84
-0.981893 -0.981893 0.8
-0.982311 -0.982311 0.76
-0.982726 -0.982726 0.72
-0.983138 -0.983138 0.68
-0.983549 -0.983549 0.64
-0.983957 -0.983957 0.6
-0.984364 -0.984364 0.56
-0.98477 -0.98477 0.52
-0.985174 -0.985174 0.48
-0.985578 -0.985578 0.44
-0.985982 -0.985982 0.4
-0.986385 -0.986385 0.36
-0.986787 -0.986787 0.32
-0.987189 -0.987189 0.28
-0.98759 -0.98759 0.24
-0.987992 -0.987992 0.2
-0.988393 -0.988393 0.16
-0.988794 -0.988794 0.12
-0.989195 -0.989195 0.08
-0.989596 -0.989596 0.04
-0.989996 -0.989996 -3.46945e-16
-0.949996 -0.949996 0.04
-0.909996 -0.909996 0.08
-0.869996 -0.869996 0.12
-0.829996 -0.829996 0.16
-0.789996 -0.789996 0.2
-0.749996 -0.749996 0.24
-0.709996 -0.709996 0.28
-0.669996 -0.669996 0.32
-0.629996 -0.629996 0.36
-0.589996 -0.589996 0.4
-0.549996 -0.549996 0.44
-0.509996 -0.509996 0.48
-0.469996 -0.469996 0.52
-0.429996 -0.429996 0.56
-0.389996 -0.389996 0.6
-0.349996 -0.349996 0.64
-0.309996 -0.309996 0.68
-0.269996 -0.269996 0.72
-0.229996 -0.229996 0.76
-0.189996 -0.189996 0.8
-0.149997 -0.149997 0.84
-0.109997 -0.109997 0.88
-0.0699975 -0.0699975 0.92
-0.0299987 -0.0299987 0.96
0.00999903 0.00999903 1
0.0499949 0.0499949 1.04
0.0899875 0.0899875 1.08
0.129975 0.129975 1.12
0.169953 0.169953 1.16
0.209916 0.209916 1.2
0.249856 0.249856 1.24
0.289758 0.289758 1.28
0.329602 0.329602 1.32
0.369357 0.369357 1.36
0.408978 0.408978 1.4
0.448399 0.448399 1.44
0.487528 0.487528 1.48
0.526235 0.526235 1.52
0.564346 0.564346 1.56
0.601631 0.601631 1.6
0.637799 0.637799 1.64
0.672497 0.672497 1.68
0.705324 0.705324 1.72
0.735859 0.735859 1.76
0.763706 0.763706 1.8
0.788549 0.788549 1.84
0.810206 0.810206 1.88
0.828655 0.828655 1.92
0.844037 0.844037 1.96
0.856622 0.856622 2
0.866763 0.866763 2.04
0.874841 0.874841 2.08
0.88123 0.88123 2.12
0.886266 0.886266 2.16
0.890237 0.890237 2.2
0.893379 0.893379 2.24
0.895884 0.895884 2.28
0.897898 0.897898 2.32
0.899539 0.899539 2.36
0.900893 0.900893 2.4
0.90203 0.90203 2.44
0.902999 0.902999 2.48
0.903841 0.903841 2.52
0.904585 0.904585 2.56
0.905254 0.905254 2.6
0.905864 0.905864 2.64
0.906429 0.906429 2.68
0.90696 0.90696 2.72
0.907463 0.907463 2.76
0.907945 0.907945 2.8
0.90841 0.90841 2.84
0.908862 0.908862 2.88
0.909303 0.909303 2.92
0.909737 0.909737 2.96
0.910164 0.910164 3
0.910586 0.910586 3.04
0.911003 0.911003 3.08
0.911418 0.911418 3.12
0.911829 0.911829 3.16
0.912239 0.912239 3.2
0.912647 0.912647 3.24
0.913053 0.913053 3.28
0.913458 0.913458 3.32
0.913863 0.913863 3.36
0.914266 0.914266 3.4
0.914669 0.914669 3.44
0.915072 0.915072 3.48
0.915474 0.915474 3.52
0.915876 0.915876 3.56
0.916277 0.916277 3.6
0.916678 0.916678 3.64
0.917079 0.917079 3.68
0.91748 0.91748 3.72
0.917881 0.917881 3.76
0.918281 0.918281 3.8
0.918682 0.918682 3.84
0.919082 0.919082 3.88
0.919483 0.919483 3.92
0.919883 0.919883 3.96
0.911883 0.911883 4
0.871883 0.871883 3.96
0.831883 0.831883 3.92
0.791883 0.791883 3.88
0.751883 0.751883 3.84
0.711883 0.711883 3.8
0.671883 0.671883 3.76
0.631883 0.631883 3.72
0.591883 0.591883 3.68
0.551883 0.551883 3.64
0.511883 0.511883 3.6
0.471883 0.471883 3.56
0.431883 0.431883 3.52
0.391883 0.391883 3.48
0.351883 0.351883 3.44
0.311883 0.311883 3.4
0.271883 0.271883 3.36
0.231883 0.231883 3.32
0.191883 0.191883 3.28
0.151883 0.151883 3.24
0.111883 0.111883 3.2
0.0718836 0.0718836 3.16
0.0318843 0.0318843 3.12
-0.00811444 -0.00811444 3.08
-0.048112 -0.048112 3.04
-0.0881074 -0.0881074 3
-0.128099 -0.128099 2.96
-0.168084 -0.168084 2.92
-0.208059 -0.208059 2.88
-0.248015 -0.248015 2.84
-0.287941 -0.287941 2.8
-0.32782 -0.32782 2.76
-0.367624 -0.367624 2.72
-0.407313 -0.407313 2.68
-0.446824 -0.446824 2.64
-0.486069 -0.486069 2.6
-0.524923 -0.524923 2.56
-0.563209 -0.563209 2.52
-0.600694 -0.600694 2.48
-0.63707 -0.63707 2.44
-0.671963 -0.671963 2.4
-0.704938 -0.704938 2.36
-0.735533 -0.735533 2.32
-0.763313 -0.763313 2.28
-0.787935 -0.787935 2.24
-0.809211 -0.809211 2.2
-0.827139 -0.827139 2.16
-0.841899 -0.841899 2.12
-0.853812 -0.853812 2.08
-0.863277 -0.863277 2.04
-0.870714 -0.870714 2
-0.87652 -0.87652 1.96
-0.881044 -0.881044 1.92
-0.884576 -0.884576 1.88
-0.88735 -0.88735 1.84
-0.889548 -0.889548 1.8
-0.891312 -0.891312 1.76
-0.892747 -0.892747 1.72
-0.893936 -0.893936 1.68
-0.894938 -0.894938 1.64
-0.895799 -0.895799 1.6
-0.896553 -0.896553 1.56
-0.897227 -0.897227 1.52
-0.897838 -0.897838 1.48
-0.898403 -0.898403 1.44
-0.898931 -0.898931 1.4
-0.899432 -0.899432 1.36
-0.89991 -0.89991 1.32
-0.900372 -0.900372 1.28
-0.900822 -0.900822 1.24
-0.90126 -0.90126 1.2
-0.901691 -0.901691 1.16
-0.902116 -0.902116 1.12
-0.902536 -0.902536 1.08
-0.902952 -0.902952 1.04
-0.903365 -0.903365 1
-0.903775 -0.903775 0.96
-0.904184 -0.904184 0.92
-0.90459 -0.90459 0.88
-0.904996 -0.904996 0.84
-0.9054 -0.9054 0.8
-0.905804 -0.905804 0.76
-0.906207 -0.906207 0.72
-0.90661 -0.90661 0.68
-0.907012 -0.907012 0.64
-0.907414 -0.907414 0.6
-0.907815 -0.907815 0.56
-0.908216 -0.908216 0.52
-0.908617 -0.908617 0.48
-0.909018 -0.909018 0.44
-0.909419 -0.909419 0.4
-0.909819 -0.909819 0.36
-0.91022 -0.91022 0.32
-0.91062 -0.91062 0.28
-0.91102 -0.91102 0.24
-0.911421 -0.911421 0.2
-0.911821 -0.911821 0.16
-0.912221 -0.912221 0.12
-0.912621 -0.912621 0.08
-0.913021 -0.913021 0.04
-0.913422 -0.913422 -3.46945e-16
-0.873422 -0.873422 0.04
-0.833422 -0.833422 0.08
-0.793422 -0.793422 0.12
-0.753422 -0.753422 0.16
-0.713422 -0.713422 0.2
-0.673422 -0.673422 0.24
-0.633422 -0.633422 0.28
-0.593422 -0.593422 0.32
-0.553422 -0.553422 0.36
-0.513422 -0.513422 0.4
-0.473422 -0.473422 0.44
-0.433422 -0.433422 0.48
-0.393422 -0.393422 0.52
-0.353422 -0.353422 0.56
-0.313422 -0.313422 0.6
-0.273422 -0.273422 0.64
-0.233422 -0.233422 0.68
-0.193422 -0.193422 0.72
-0.153422 -0.153422 0.76
-0.113422 -0.113422 0.8
-0.0734226 -0.0734226 0.84
-0.0334237 -0.0334237 0.88
0.00657405 0.00657405 0.92
0.0465698 0.0465698 0.96
0.0865618 0.0865618 1
0.126547 0.126547 1.04
0.166521 0.166521 1.08
0.206476 0.206476 1.12
0.2464 0.2464 1.16
0.286271 0.286271 1.2
0.32606 0.32606 1.24
0.365719 0.365719 1.28
0.405176 0.405176 1.32
0.444328 0.444328 1.36
0.483026 0.483026 1.4
0.521061 0.521061 1.44
0.558155 0.558155 1.48
0.593949 0.593949 1.52
0.628008 0.628008 1.56
0.659845 0.659845 1.6
0.688969 0.688969 1.64
0.714957 0.714957 1.68
0.737529 0.737529 1.72
0.756605 0.756605 1.76
0.772314 0.772314 1.8
0.78496 0.78496 1.84
0.794957 0.794957 1.88
0.802757 0.802757 1.92
0.808794 0.808794 1.96
0.813454 0.813454 2
0.817058 0.817058 2.04
0.81986 0.81986 2.08
0.822061 0.822061 2.12
0.823812 0.823812 2.16
0.825227 0.825227 2.2
0.826393 0.826393 2.24
0.827372 0.827372 2.28
0.828211 0.828211 2.32
0.828945 0.828945 2.36
0.829601 0.829601 2.4
0.830197 0.830197 2.44
0.830748 0.830748 2.48
0.831265 0.831265 2.52
0.831756 0.831756 2.56
0.832227 0.832227 2.6
0.832682 0.832682 2.64
0.833126 0.833126 2.68
0.83356 0.83356 2.72
0.833987 0.833987 2.76
0.834408 0.834408 2.8
0.834825 0.834825 2.84
0.835239 0.835239 2.88
0.83565 0.83565 2.92
0.836059 0.836059 2.96
0.836466 0.836466 3
0.836871 0.836871 3.04
0.837276 0.837276 3.08
0.83768 0.83768 3.12
0.838083 0.838083 3.16
0.838485 0.838485 3.2
0.838887 0.838887 3.24
0.839289 0.839289 3.28
0.839691 0.839691 3.32
0.840092 0.840092 3.36
0.840493 0.840493 3.4
0.840893 0.840893 3.44
0.841294 0.841294 3.48
0.841695 0.841695 3.52
0.842095 0.842095 3.56
0.842495 0.842495 3.6
0.842896 0.842896 3.64
0.843296 0.843296 3.68
0.843696 0.843696 3.72
0.844096 0.844096 3.76
0.844497 0.844497 3.8
0.844897 0.844897 3.84
0.845297 0.845297 3.88
0.845697 0.845697 3.92
0.846097 0.846097 3.96
0.838097 0.838097 4
0.798097 0.798097 3.96
0.758097 0.758097 3.92
0.718097 0.718097 3.88
0.678097 0.678097 3.84
0.638097 0.638097 3.8
0.598097 0.598097 3.76
0.558097 0.558097 3.72
0.518097 0.518097 3.68
0.478097 0.478097 3.64
0.438097 0.438097 3.6
0.398097 0.398097 3.56
0.358097 0.358097 3.52
0.318097 0.318097 3.48
0.278097 0.278097 3.44
0.238097 0.238097 3.4
0.198097 0.198097 3.36
0.158097 0.158097 3.32
0.118097 0.118097 3.28
0.0780974 0.0780974 3.24
0.0380981 0.0380981 3.2
-0.00190061 -0.00190061 3.16
-0.0418979 -0.0418979 3.12
-0.0818926 -0.0818926 3.08
-0.121882 -0.121882 3.04
-0.161863 -0.161863 3
-0.201829 -0.201829 2.96
-0.241767 -0.241767 2.92
-0.28166 -0.28166 2.88
-0.321478 -0.321478 2.84
-0.361174 -0.361174 2.8
-0.400675 -0.400675 2.76
-0.439871 -0.439871 2.72
-0.478603 -0.478603 2.68
-0.516642 -0.516642 2.64
-0.553674 -0.553674 2.6
-0.589292 -0.589292 2.56
-0.623001 -0.623001 2.52
-0.654247 -0.654247 2.48
-0.682493 -0.682493 2.44
-0.707303 -0.707303 2.4
-0.728436 -0.728436 2.36
-0.745902 -0.745902 2.32
-0.759943 -0.759943 2.28
-0.770976 -0.770976 2.24
-0.779498 -0.779498 2.2
-0.786009 -0.786009 2.16
-0.79096 -0.79096 2.12
-0.794727 -0.794727 2.08
-0.79761 -0.79761 2.04
-0.799839 -0.799839 2
-0.801588 -0.801588 1.96
-0.802986 -0.802986 1.92
-0.804125 -0.804125 1.88
-0.805075 -0.805075 1.84
-0.805886 -0.805886 1.8
-0.806594 -0.806594 1.76
-0.807227 -0.807227 1.72
-0.807802 -0.807802 1.68
-0.808336 -0.808336 1.64
-0.808838 -0.808838 1.6
-0.809316 -0.809316 1.56
-0.809776 -0.809776 1.52
-0.810222 -0.810222 1.48
-0.810659 -0.810659 1.44
-0.811087 -0.811087 1.4
-0.811509 -0.811509 1.36
-0.811926 -0.811926 1.32
-0.812339 -0.812339 1.28
-0.81275 -0.81275 1.24
-0.813159 -0.813159 1.2
-0.813565 -0.813565 1.16
-0.813971 -0.813971 1.12
-0.814375 -0.814375 1.08
-0.814779 -0.814779 1.04
-0.815181 -0.815181 1
-0.815584 -0.815584 0.96
-0.815986 -0.815986 0.92
-0.816387 -0.816387 0.88
-0.816788 -0.816788 0.84
-0.817189 -0.817189 0.8
-0.81759 -0.81759 0.76
-0.817991 -0.817991 0.72
-0.818391 -0.818391 0.68
-0.818792 -0.818792 0.64
-0.819192 -0.819192 0.6
-0.819592 -0.819592 0.56
-0.819993 -0.819993 0.52
-0.820393 -0.820393 0.48
-0.820793 -0.820793 0.44
-0.821193 -0.821193 0.4
-0.821593 -0.821593 0.36
-0.821993 -0.821993 0.32
-0.822393 -0.822393 0.28
-0.822794 -0.822794 0.24
-0.823194 -0.823194 0.2
-0.823594 -0.823594 0.16
-0.823994 -0.823994 0.12
-0.824394 -0.824394 0.08
-0.824794 -0.824794 0.04
-0.825194 -0.825194 -3.46945e-16
-0.785194 -0.785194 0.04
-0.745194 -0.745194 0.08
-0.705194 -0.705194 0.12
-0.665194 -0.665194 0.16
-0.625194 -0.625194 0.2
-0.585194 -0.585194 0.24
-0.545194 -0.545194 0.28
-0.505194 -0.505194 0.32
-0.465194 -0.465194 0.36
-0.425194 -0.425194 0.4
-0.385194 -0.385194 0.44
-0.345194 -0.345194 0.48
-0.305194 -0.305194 0.52
-0.265194 -0.265194 0.56
-0.225194 -0.225194 0.6
-0.185194 -0.185194 0.64
-0.145194 -0.145194 0.68
-0.105194 -0.105194 0.72
-0.0651948 -0.0651948 0.76
-0.0251961 -0.0251961 0.8
0.0148012 0.0148012 0.84
0.0547957 0.0547957 0.88
0.0947848 0.0947848 0.92
0.134764 0.134764 0.96
0.174725 0.174725 1
0.214654 0.214654 1.04
0.254528 0.254528 1.08
0.29431 0.29431 1.12
0.333938 0.333938 1.16
0.373318 0.373318 1.2
0.412307 0.412307 1.24
0.450694 0.450694 1.28
0.488176 0.488176 1.32
0.52435 0.52435 1.36
0.5587 0.5587 1.4
0.590635 0.590635 1.44
0.619548 0.619548 1.48
0.64493 0.64493 1.52
0.666477 0.666477 1.56
0.684167 0.684167 1.6
0.698253 0.698253 1.64
0.70919 0.70919 1.68
0.717525 0.717525 1.72
0.723804 0.723804 1.76
0.728513 0.728513 1.8
0.732052 0.732052 1.84
0.734732 0.734732 1.88
0.736787 0.736787 1.92
0.73839 0.73839 1.96
0.739667 0.739667 2
0.740709 0.740709 2.04
0.741581 0.741581 2.08
0.742329 0.742329 2.12
0.742988 0.742988 2.16
0.74358 0.74358 2.2
0.744124 0.744124 2.24
0.744633 0.744633 2.28
0.745114 0.745114 2.32
0.745577 0.745577 2.36
0.746024 0.746024 2.4
0.746461 0.746461 2.44
0.746889 0.746889 2.48
0.74731 0.74731 2.52
0.747727 0.747727 2.56
0.74814 0.74814 2.6
0.74855 0.74855 2.64
0.748958 0.748958 2.68
0.749365 0.749365 2.72
0.74977 0.74977 2.76
0.750173 0.750173 2.8
0.750577 0.750577 2.84
0.750979 0.750979 2.88
0.751381 0.751381 2.92
0.751783 0.751783 2.96
0.752184 0.752184 3
0.752585 0.752585 3.04
0.752986 0.752986 3.08
0.753387 0.753387 3.12
0.753787 0.753787 3.16
0.754188 0.754188 3.2
0.754588 0.754588 3.24
0.754988 0.754988 3.28
0.755389 0.755389 3.32
0.755789 0.755789 3.36
0.756189 0.756189 3.4
0.756589 0.756589 3.44
0.756989 0.756989 3.48
0.757389 0.757389 3.52
0.757789 0.757789 3.56
0.75819 0.75819 3.6
0.75859 0.75859 3.64
0.75899 0.75899 3.68
0.75939 0.75939 3.72
0.75979 0.75979 3.76
0.76019 0.76019 3.8
0.76059 0.76059 3.84
0.76099 0.76099 3.88
0.76139 0.76139 3.92
0.76179 0.76179 3.96
0.75379 0.75379 4
0.71379 0.71379 3.96
0.67379 0.67379 3.92
0.63379 0.63379 3.88
0.59379 0.59379 3.84
0.55379 0.55379 3.8
0.51379 0.51379 3.76
0.47379 0.47379 3.72
0.43379 0.43379 3.68
0.39379 0.39379 3.64
0.35379 0.35379 3.6
0.31379 0.31379 3.56
0.27379 0.27379 3.52
0.23379 0.23379 3.48
0.19379 0.19379 3.44
0.15379 0.15379 3.4
0.11379 0.11379 3.36
0.0737903 0.0737903 3.32
0.0337911 0.0337911 3.28
-0.00620719 -0.00620719 3.24
-0.0462034 -0.0462034 3.2
-0.0861953 -0.0861953 3.16
-0.126179 -0.126179 3.12
-0.166146 -0.166146 3.08
-0.206084 -0.206084 3.04
-0.245968 -0.245968 3
-0.285756 -0.285756 2.96
-0.325382 -0.325382 2.92
-0.364736 -0.364736 2.88
-0.403644 -0.403644 2.84
-0.441847 -0.441847 2.8
-0.478969 -0.478969 2.76
-0.514501 -0.514501 2.72
-0.547808 -0.547808 2.68
-0.578186 -0.578186 2.64
-0.604979 -0.604979 2.6
-0.627734 -0.627734 2.56
-0.646318 -0.646318 2.52
-0.660955 -0.660955 2.48
-0.672138 -0.672138 2.44
-0.680494 -0.680494 2.4
-0.686656 -0.686656 2.36
-0.691177 -0.691177 2.32
-0.694505 -0.694505 2.28
-0.696981 -0.696981 2.24
-0.698852 -0.698852 2.2
-0.700297 -0.700297 2.16
-0.701442 -0.701442 2.12
-0.702376 -0.702376 2.08
-0.703161 -0.703161 2.04
-0.703839 -0.703839 2
-0.704442 -0.704442 1.96
-0.70499 -0.70499 1.92
-0.705499 -0.705499 1.88
-0.70598 -0.70598 1.84
-0.70644 -0.70644 1.8
-0.706885 -0.706885 1.76
-0.707319 -0.707319 1.72
-0.707744 -0.707744 1.68
-0.708164 -0.708164 1.64
-0.708578 -0.708578 1.6
-0.70899 -0.70899 1.56
-0.709398 -0.709398 1.52
-0.709805 -0.709805 1.48
-0.71021 -0.71021 1.44
-0.710614 -0.710614 1.4
-0.711018 -0.711018 1.36
-0.71142 -0.71142 1.32
-0.711822 -0.711822 1.28
-0.712224 -0.712224 1.24
-0.712625 -0.712625 1.2
-0.713026 -0.713026 1.16
-0.713427 -0.713427 1.12
-0.713827 -0.713827 1.08
-0.714228 -0.714228 1.04
-0.714628 -0.714628 1
-0.715028 -0.715028 0.96
-0.715429 -0.715429 0.92
-0.715829 -0.715829 0.88
-0.716229 -0.716229 0.84
-0.716629 -0.716629 0.8
-0.717029 -0.717029 0.76
-0.717429 -0.717429 0.72
-0.71783 -0.71783 0.68
-0.71823 -0.71823 0.64
-0.71863 -0.71863 0.6
-0.71903 -0.71903 0.56
-0.71943 -0.71943 0.52
-0.71983 -0.71983 0.48
-0.72023 -0.72023 0.44
-0.72063 -0.72063 0.4
-0.72103 -0.72103 0.36
-0.72143 -0.72143 0.32
-0.72183 -0.72183 0.28
-0.72223 -0.72223 0.24
-0.72263 -0.72263 0.2
-0.72303 -0.72303 0.16
-0.72343 -0.72343 0.12
-0.72383 -0.72383 0.08
-0.72423 -0.72423 0.04
-0.72463 -0.72463 -3.46945e-16
-0.67463 -0.67463 0.05
-0.62463 -0.62463 0.1
-0.57463 -0.57463 0.15
-0.52463 -0.52463 0.2
-0.47463 -0.47463 0.25
-0.42463 -0.42463 0.3
-0.37463 -0.37463 0.35
-0.32463 -0.32463 0.4
-0.27463 -0.27463 0.45
-0.22463 -0.22463 0.5
-0.17463 -0.17463 0.55
-0.12463 -0.12463 0.6
-0.0746306 -0.0746306 0.65
-0.0246321 -0.0246321 0.7
0.0253637 0.0253637 0.75
0.075352 0.075352 0.8
0.125323 0.125323 0.85
0.175251 0.175251 0.9
0.225089 0.225089 0.95
0.274733 0.274733 1
0.323986 0.323986 1.05
0.372487 0.372487 1.1
0.419613 0.419613 1.15
0.46438 0.46438 1.2
0.505427 0.505427 1.25
0.541215 0.541215 1.3
0.5705 0.5705 1.35
0.592874 0.592874 1.4
0.608931 0.608931 1.45
0.619924 0.619924 1.5
0.627254 0.627254 1.55
0.63211 0.63211 1.6
0.635364 0.635364 1.65
0.637606 0.637606 1.7
0.639211 0.639211 1.75
0.640418 0.640418 1.8
0.641375 0.641375 1.85
0.642172 0.642172 1.9
0.642867 0.642867 1.95
0.643497 0.643497 2
0.644085 0.644085 2.05
0.644644 0.644644 2.1
0.645184 0.645184 2.15
0.645712 0.645712 2.2
0.646231 0.646231 2.25
0.646745 0.646745 2.3
0.647254 0.647254 2.35
0.647761 0.647761 2.4
0.648266 0.648266 2.45
0.64877 0.64877 2.5
0.649272 0.649272 2.55
0.649774 0.649774 2.6
0.650275 0.650275 2.65
0.650776 0.650776 2.7
0.651277 0.651277 2.75
0.651778 0.651778 2.8
0.652278 0.652278 2.85
0.652778 0.652778 2.9
0.653279 0.653279 2.95
0.653779 0.653779 3
0.654279 0.654279 3.05
0.654779 0.654779 3.1
0.655279 0.655279 3.15
0.655779 0.655779 3.2
0.656279 0.656279 3.25
0.656779 0.656779 3.3
0.657279 0.657279 3.35
0.657779 0.657779 3.4
0.658279 0.658279 3.45
0.658779 0.658779 3.5
0.659279 0.659279 3.55
0.659779 0.659779 3.6
0.660279 0.660279 3.65
0.660779 0.660779 3.7
0.661279 0.661279 3.75
0.661779 0.661779 3.8
0.662279 0.662279 3.85
0.662779 0.662779 3.9
0.663279 0.663279 3.95
0.663779 0.663779 4
0.653779 0.653779 4.05
0.643779 0.643779 4.1
0.633779 0.633779 4.15
0.623779 0.623779 4.2
0.613779 0.613779 4.25
0.603779 0.603779 4.3
0.593779 0.593779 4.35
0.583779 0.583779 4.4
0.573779 0.573779 4.45
0.563779 0.563779 4.5
0.553779 0.553779 4.55
0.543779 0.543779 4.6
0.533779 0.533779 4.65
0.523779 0.523779 4.7
0.513779 0.513779 4.75
0.503779 0.503779 4.8
0.493779 0.493779 4.85
0.483779 0.483779 4.9
0.473779 0.473779 4.95
0.463779 0.463779 5
